[physics]
ground_acceleration = 50.000000
air_strafe_acceleration = 5.000000
air_acceleration = 20.000000
jump_force = 190.000000
ground_drag = 0.850000
air_drag = 0.990000
max_ground_velocity = 5.000000
max_air_velocity = 5.000000
max_all_velocity = 15.000000
mass = 1.000000
gravity = -5.000000
bunny_hop_forgiveness = 0.150000

[error_correction]
erp = 0.2
cfm = 0.00001

[server]
host = 127.0.0.1
port = 9999
peer_count = 4
channel_count = 2
iband = 0
oband = 0
tickrate = 64