[physics]
ground_acceleration = 50.000000
air_acceleration = 20.000000
jump_force = 350.000000
ground_drag = 0.100000
air_drag = 0
max_ground_velocity = 8.000000
max_air_velocity = 10.000000
max_all_velocity = 20.000000
mass = 1.000000
gravity = -10.000000
bunny_hop_forgiveness = 0.078125
ground_friction = 0.5

[error_correction]
erp = 0.200000
cfm = 0.000010

[server]
host = 127.0.0.1
port = 9999
peer_count = 4
channel_count = 2
iband = 0
oband = 0
tickrate = 100